out2=[1.000000000000000e+000	8.017052e-009
1.006955550056719e+000	7.983021e-009
1.013959479790029e+000	7.948953e-009
1.021012125707194e+000	7.914852e-009
1.028113826656067e+000	7.880719e-009
1.035264923841378e+000	7.846556e-009
1.042465760841122e+000	7.812367e-009
1.049716683623068e+000	7.778151e-009
1.057018040561381e+000	7.743914e-009
1.064370182453361e+000	7.709656e-009
1.071773462536294e+000	7.675380e-009
1.079228236504428e+000	7.641088e-009
1.086734862526059e+000	7.606783e-009
1.094293701260741e+000	7.572466e-009
1.101905115876612e+000	7.538140e-009
1.109569472067846e+000	7.503807e-009
1.117287138072221e+000	7.469469e-009
1.125058484688811e+000	7.435129e-009
1.132883885295800e+000	7.400789e-009
1.140763715868425e+000	7.366451e-009
1.148698354997037e+000	7.332117e-009
1.156688183905289e+000	7.297789e-009
1.164733586468458e+000	7.263470e-009
1.172834949231881e+000	7.229161e-009
1.180992661429532e+000	7.194865e-009
1.189207115002723e+000	7.160584e-009
1.197478704618931e+000	7.126320e-009
1.205807827690763e+000	7.092075e-009
1.214194884395049e+000	7.057852e-009
1.222640277692071e+000	7.023651e-009
1.231144413344919e+000	6.989476e-009
1.239707699938989e+000	6.955328e-009
1.248330548901615e+000	6.921209e-009
1.257013374521831e+000	6.887122e-009
1.265756593970283e+000	6.853068e-009
1.274560627319265e+000	6.819050e-009
1.283425897562907e+000	6.785069e-009
1.292352830637496e+000	6.751126e-009
1.301341855441937e+000	6.717225e-009
1.310393403858367e+000	6.683367e-009
1.319507910772898e+000	6.649554e-009
1.328685814096515e+000	6.615787e-009
1.337927554786116e+000	6.582069e-009
1.347233576865694e+000	6.548401e-009
1.356604327447676e+000	6.514786e-009
1.366040256754400e+000	6.481224e-009
1.375541818139749e+000	6.447718e-009
1.385109468110930e+000	6.414269e-009
1.394743666350411e+000	6.380879e-009
1.404444875738002e+000	6.347550e-009
1.414213562373101e+000	6.314284e-009
1.424050195597077e+000	6.281081e-009
1.433955248015833e+000	6.247945e-009
1.443929195522502e+000	6.214875e-009
1.453972517320317e+000	6.181875e-009
1.464085695945632e+000	6.148944e-009
1.474269217291108e+000	6.116086e-009
1.484523570629056e+000	6.083301e-009
1.494849248634945e+000	6.050591e-009
1.505246747411074e+000	6.017957e-009
1.515716566510405e+000	5.985401e-009
1.526259208960566e+000	5.952924e-009
1.536875181288020e+000	5.920528e-009
1.547564993542397e+000	5.888213e-009
1.558329159321007e+000	5.855982e-009
1.569168195793509e+000	5.823836e-009
1.580082623726762e+000	5.791775e-009
1.591072967509845e+000	5.759802e-009
1.602139755179252e+000	5.727916e-009
1.613283518444261e+000	5.696121e-009
1.624504792712480e+000	5.664416e-009
1.635804117115571e+000	5.632803e-009
1.647182034535156e+000	5.601283e-009
1.658639091628893e+000	5.569858e-009
1.670175838856749e+000	5.538528e-009
1.681792830507439e+000	5.507294e-009
1.693490624725065e+000	5.476158e-009
1.705269783535924e+000	5.445119e-009
1.717130872875518e+000	5.414181e-009
1.729074462615741e+000	5.383343e-009
1.741101126592259e+000	5.352607e-009
1.753211442632082e+000	5.321972e-009
1.765405992581321e+000	5.291442e-009
1.777685362333152e+000	5.261015e-009
1.790050141855957e+000	5.230693e-009
1.802500925221673e+000	5.200477e-009
1.815038310634334e+000	5.170368e-009
1.827662900458814e+000	5.140366e-009
1.840375301249763e+000	5.110472e-009
1.853176123780755e+000	5.080688e-009
1.866065983073628e+000	5.051013e-009
1.879045498428037e+000	5.021449e-009
1.892115293451206e+000	4.991996e-009
1.905275996087889e+000	4.962654e-009
1.918528238650543e+000	4.933426e-009
1.931872657849706e+000	4.904310e-009
1.945309894824586e+000	4.875308e-009
1.958840595173869e+000	4.846420e-009
1.972465408986734e+000	4.817647e-009
1.986184990874087e+000	4.788990e-009
2.000000000000016e+000	4.760448e-009
2.013911100113454e+000	4.732023e-009
2.027918959580075e+000	4.703714e-009
2.042024251414403e+000	4.675524e-009
2.056227653312150e+000	4.647450e-009
2.070529847682772e+000	4.619495e-009
2.084931521682260e+000	4.591659e-009
2.099433367246152e+000	4.563942e-009
2.114036081122779e+000	4.536344e-009
2.128740364906738e+000	4.508866e-009
2.143546925072605e+000	4.481508e-009
2.158456473008873e+000	4.454270e-009
2.173469725052135e+000	4.427153e-009
2.188587402521498e+000	4.400158e-009
2.203810231753241e+000	4.373283e-009
2.219138944135710e+000	4.346530e-009
2.234574276144460e+000	4.319898e-009
2.250116969377639e+000	4.293389e-009
2.265767770591618e+000	4.267001e-009
2.281527431736868e+000	4.240736e-009
2.297396709994091e+000	4.214594e-009
2.313376367810596e+000	4.188573e-009
2.329467172936933e+000	4.162676e-009
2.345669898463780e+000	4.136902e-009
2.361985322859083e+000	4.111251e-009
2.378414230005465e+000	4.085722e-009
2.394957409237880e+000	4.060317e-009
2.411615655381544e+000	4.035036e-009
2.428389768790117e+000	4.009877e-009
2.445280555384161e+000	3.984842e-009
2.462288826689857e+000	3.959930e-009
2.479415399877997e+000	3.935142e-009
2.496661097803248e+000	3.910476e-009
2.514026749043682e+000	3.885934e-009
2.531513187940585e+000	3.861516e-009
2.549121254638550e+000	3.837220e-009
2.566851795125834e+000	3.813048e-009
2.584705661275011e+000	3.788999e-009
2.602683710883894e+000	3.765073e-009
2.620786807716754e+000	3.741270e-009
2.639015821545816e+000	3.717590e-009
2.657371628193051e+000	3.694032e-009
2.675855109572252e+000	3.670597e-009
2.694467153731409e+000	3.647285e-009
2.713208654895372e+000	3.624095e-009
2.732080513508820e+000	3.601027e-009
2.751083636279517e+000	3.578081e-009
2.770218936221879e+000	3.555257e-009
2.789487332700841e+000	3.532555e-009
2.808889751476025e+000	3.509974e-009
2.828427124746221e+000	3.487515e-009
2.848100391194175e+000	3.465176e-009
2.867910496031687e+000	3.442959e-009
2.887858391045025e+000	3.420862e-009
2.907945034640654e+000	3.398885e-009
2.928171391891284e+000	3.377028e-009
2.948538434582236e+000	3.355292e-009
2.969047141258133e+000	3.333675e-009
2.989698497269912e+000	3.312177e-009
3.010493494822170e+000	3.290799e-009
3.031433133020832e+000	3.269539e-009
3.052518417921155e+000	3.248398e-009
3.073750362576062e+000	3.227375e-009
3.095129987084817e+000	3.206469e-009
3.116658318642037e+000	3.185682e-009
3.138336391587041e+000	3.165012e-009
3.160165247453548e+000	3.144458e-009
3.182145935019714e+000	3.124021e-009
3.204279510358528e+000	3.103701e-009
3.226567036888546e+000	3.083497e-009
3.249009585424983e+000	3.063408e-009
3.271608234231166e+000	3.043434e-009
3.294364069070335e+000	3.023575e-009
3.317278183257809e+000	3.003831e-009
3.340351677713521e+000	2.984201e-009
3.363585661014902e+000	2.964685e-009
3.386981249450153e+000	2.945282e-009
3.410539567071872e+000	2.925992e-009
3.434261745751060e+000	2.906815e-009
3.458148925231507e+000	2.887750e-009
3.482202253184543e+000	2.868797e-009
3.506422885264187e+000	2.849956e-009
3.530811985162667e+000	2.831225e-009
3.555370724666329e+000	2.812605e-009
3.580100283711938e+000	2.794096e-009
3.605001850443370e+000	2.775696e-009
3.630076621268693e+000	2.757406e-009
3.655325800917653e+000	2.739225e-009
3.680750602499551e+000	2.721152e-009
3.706352247561535e+000	2.703187e-009
3.732131966147282e+000	2.685330e-009
3.758090996856100e+000	2.667581e-009
3.784230586902437e+000	2.649938e-009
3.810551992175804e+000	2.632402e-009
3.837056477301112e+000	2.614971e-009
3.863745315699438e+000	2.597647e-009
3.890619789649199e+000	2.580427e-009
3.917681190347765e+000	2.563312e-009
3.944930817973495e+000	2.546301e-009
3.972369981748202e+000	2.529394e-009
4.000000000000060e+000	2.512590e-009
4.027822200226935e+000	2.495889e-009
4.055837919160177e+000	2.479291e-009
4.084048502828834e+000	2.462794e-009
4.112455306624328e+000	2.446399e-009
4.141059695365573e+000	2.430105e-009
4.169863043364549e+000	2.413911e-009
4.198866734492333e+000	2.397817e-009
4.228072162245587e+000	2.381823e-009
4.257480729813506e+000	2.365929e-009
4.287093850145240e+000	2.350133e-009
4.316912946017777e+000	2.334435e-009
4.346939450104302e+000	2.318835e-009
4.377174805043029e+000	2.303332e-009
4.407620463506515e+000	2.287926e-009
4.438277888271453e+000	2.272617e-009
