Data_hou_0_ch2=[0	0.010560957
0.008898981	0.004607965
0.017797961	0.003262937
0.026696942	0.000298895
0.035595923	-0.001444659
0.044494904	0.000572882
0.053393884	0.001120856
0.062292865	0.00119558
0.071191846	0.003910543
0.080090827	0.003561832
0.088989807	0.008767587
0.097888788	0.009240837
0.106787769	0.008717771
0.11568675	0.012478866
0.12458573	0.007198388
0.133484711	0.007696546
0.142383692	0.006725138
0.151282673	0.006899493
0.160181653	0.011308194
0.169080634	0.006799861
0.177979615	0.00012454
0.186878596	0.002640239
0.195777576	-4.98E-05
0.204676557	0.002839503
0.213575538	0.001818278
0.222474519	-0.008319244
0.231373499	-0.006999125
0.24027248	-0.008045257
0.249171461	-0.01374917
0.258070441	-0.011607089
0.266969422	-0.014446592
0.275868403	-0.010810036
0.284767384	-0.009738995
0.293666364	-0.013973341
0.302565345	-0.006301703
0.311464326	-0.002341344
0.320363307	0.00012454
0.329262287	0.009639364
0.338161268	0.008917034
0.347060249	0.016215054
0.35595923	0.018207687
0.36485821	0.009116298
0.373757191	0.016115422
0.382656172	0.015891251
0.391555153	0.015218737
0.400454133	0.018930017
0.409353114	0.012927209
0.418252095	0.014122789
0.427151076	0.0119558
0.436050056	0.012578498
0.444949037	0.020723387
0.453848018	0.018282411
0.462746998	0.016787936
0.471645979	0.017560081
0.48054496	0.011158747
0.489443941	0.016787936
0.498342921	0.013798986
0.507241902	0.011283286
0.516140883	0.010112614
0.525039864	0.007671638
0.533938844	0.010710404
0.542837825	0.012727945
0.551736806	0.009639364
0.560635787	0.014894934
0.569534767	0.014670763
0.578433748	0.016165238
0.587332729	0.018157871
0.59623171	0.016763028
0.60513069	0.019303635
0.614029671	0.019328543
0.622928652	0.016215054
0.631827633	0.020374676
0.640726613	0.01853149
0.649625594	0.018830385
0.658524575	0.015193829
0.667423556	0.011308194
0.676322536	0.014770395
0.685221517	0.017560081
0.694120498	0.016489041
0.703019478	0.013126472
0.711918459	0.010859852
0.72081744	0.011731629
0.729716421	0.01076022
0.738615401	0.0084936
0.747514382	0.008294336
0.756413363	0.0059779
0.765312344	0.005952992
0.774211324	0.003238029
0.783110305	-0.000871777
0.792009286	-0.001693738
0.800908267	0.003910543
0.809807247	0.001619015
0.818706228	0.001170672
0.827605209	0.000871777
0.83650419	0.000547974
0.84540317	0.003262937
0.854302151	0.003960359
0.863201132	0.003786003
0.872100113	0.007746362
0.880999093	0.005205755
0.889898074	0.002416068
0.898797055	0.006177163
0.907696036	0.003960359
0.916595016	0.005280478
0.925493997	0.010237154
0.934392978	0.011059115
0.943291958	0.009863535
0.952190939	0.012379235
0.96108992	0.013201196
0.969988901	0.009340469
0.978887881	0.008169797
0.987786862	0.01063568
0.996685843	0.007472375
1.005584824	0.00358674
1.014483804	0.000772145
1.023382785	-0.003910543
1.032281766	-0.006600598
1.041180747	-0.003362569
1.050079727	0.000398527
1.058978708	-0.00311349
1.067877689	0.000672514
1.07677667	0.001743554
1.08567565	-0.001270304
1.094574631	0.004857044
1.103473612	0.008269428
1.112372593	0.010909668
1.121271573	0.008568323
1.130170554	0.01123347
1.139069535	0.012703038
1.147968516	0.013251012
1.156867496	0.015965975
1.165766477	0.01374917
1.174665458	0.012802669
1.183564438	0.017410634
1.192463419	0.01434696
1.2013624	0.014496408
1.210261381	0.022018598
1.219160361	0.01805824
1.228059342	0.020150505
1.236958323	0.018108055
1.245857304	0.017360818
1.254756284	0.022965099
1.263655265	0.018805477
1.272554246	0.024683745
1.281453227	0.021370993
1.290352207	0.005155939
1.299251188	0.016538857
1.308150169	0.012279603
1.31704915	0.005454834
1.32594813	0.016513949
1.334847111	0.006052624
1.343746092	0.00239116
1.352645073	0.004333978
1.361544053	-0.007422559
1.370443034	0.00012454
1.379342015	0.005081215
1.388240995	0.003736188
1.397139976	0.004458517
1.406038957	-0.00059779
1.414937938	0.005131031
1.423836918	0.0084936
1.432735899	0.004807228
1.44163488	0.011656905
1.450533861	0.009589548
1.459432841	0.006027716
1.468331822	0.013699354
1.477230803	0.005180847
1.486129784	0.013998249
1.495028764	0.017485358
1.503927745	0.012404143
1.512826726	0.014322052
1.521725707	0.013450275
1.530624687	0.012229787
1.539523668	0.009888443
1.548422649	0.008070165
1.55732163	0.009738995
1.56622061	0.003188213
1.575119591	0.006052624
1.584018572	0.004607965
1.592917553	-0.001718646
1.601816533	-0.001843186
1.610715514	-2.49E-05
1.619614495	-0.003761095
1.628513475	-0.006002808
1.637412456	-0.003935451
1.646311437	-0.003337661
1.655210418	-0.006077532
1.664109398	-0.002640239
1.673008379	0.001046133
1.68190736	0.006351519
1.690806341	0.015094198
1.699705321	0.018481674
1.708604302	0.020947558
1.717503283	0.026651471
1.726402264	0.027099813
1.735301244	0.029789868
1.744200225	0.027323985
1.753099206	0.028345209
1.761998187	0.027299077
1.770897167	0.013001933
1.779796148	0.016165238
1.788695129	0.011731629
1.79759411	0.001270304
1.80649309	0.006525874
1.815392071	-0.002316436
1.824291052	-0.008817403
1.833190033	-0.000547974
1.842089013	-0.006500966
1.850987994	-0.000149448
1.859886975	0.001942818
1.868785955	-0.006251887
1.877684936	-0.000946501
1.886583917	-0.006202071
1.895482898	-0.00059779
1.904381878	0.0084936
1.913280859	0.001369935
1.92217984	0.014172605
1.931078821	0.01123347
1.939977801	0.000772145
1.948876782	0.017659713
1.957775763	0.024061048
1.966674744	0.025007548
1.975573724	0.029715145
1.984472705	0.018431858
1.993371686	0.020673571
2.002270667	0.020474308
2.011169647	0.016339593
2.020068628	0.019776886
2.028967609	0.015816527
2.03786659	0.014645855
2.04676557	0.020773203
2.055664551	0.010560957
2.064563532	0.018730753
2.073462513	0.015094198
2.082361493	0.006725138
2.091260474	0.010187338
2.100159455	0.003761095
2.109058435	0.003337661
2.117957416	0.001245396
2.126856397	-0.00645115
2.135755378	-0.002640239
2.144654358	-0.002440976
2.153553339	0.00191791
2.16245232	0.006326611
2.171351301	0.004707596
2.180250281	0.009016666
2.189149262	0.010959483
2.198048243	0.013549907
2.206947224	0.017684621
2.215846204	0.018705845
2.224745185	0.013375551
2.233644166	0.01554254
2.242543147	0.008817403
2.251442127	0.010436417
2.260341108	0.010984391
2.269240089	0.008319244
2.27813907	0.006824769
2.28703805	0.001743554
2.295937031	0.001394843
2.304836012	0.000174355
2.313734992	0.00072233
2.322633973	0.00764673
2.331532954	0.005355202
2.340431935	-0.001643923
2.349330915	-0.001843186
2.358229896	-0.003362569
2.367128877	-0.000224171
2.376027858	0.00465778
2.384926838	0.000199263
2.393825819	-0.004632873
2.4027248	-0.0059779
2.411623781	-0.007024033
2.420522761	-0.006027716
2.429421742	-0.008418876
2.438320723	-0.003661464
2.447219704	-0.002291528
2.456118684	-0.002640239
2.465017665	-0.000896685
2.473916646	-2.49E-05
2.482815627	0.003312753
2.491714607	0.008194705
2.500613588	0.010212246
2.509512569	0.012952117
2.51841155	0.013699354
2.52731053	0.012703038
2.536209511	0.015891251
2.545108492	0.016937383
2.554007472	0.020748295
2.562906453	0.021246453
2.571805434	0.014870026
2.580704415	0.016414317
2.589603395	0.014048065
2.598502376	0.015716895
2.607401357	0.014571131
2.616300338	0.013226104
2.625199318	0.009116298
2.634098299	0.009738995
2.64299728	0.011681813
2.651896261	0.01315138
2.660795241	0.012204879
2.669694222	0.014994566
2.678593203	0.01626487
2.687492184	0.019926333
2.696391164	0.021296269
2.705290145	0.021246453
2.714189126	0.021570256
2.723088107	0.019677254
2.731987087	0.018481674
2.740886068	0.016688304
2.749785049	0.015094198
2.75868403	0.011731629
2.76758301	0.009465008
2.776481991	0.008020349
2.785380972	0.010560957
2.794279952	0.011980708
2.803178933	0.010959483
2.812077914	0.013375551
2.820976895	0.012155063
2.829875875	0.012055432
2.838774856	0.013823894
2.847673837	0.010810036
2.856572818	0.013475183
2.865471798	0.007273112
2.874370779	0.004159622
2.88326976	0.001046133
2.892168741	0.000224171
2.901067721	0.003860727
2.909966702	0.000348711
2.918865683	-0.00179337
2.927764664	-0.002690055
2.936663644	-0.002939134
2.945562625	-0.00059779
2.954461606	-0.001270304
2.963360587	-0.002465884
