data_0=[0.00E+00	5.74E-07	0.00E+00
1.60E+01	-2.57E-06	1.64E-07
3.20E+01	5.90E-06	-1.92E-06
4.80E+01	-3.64E-06	2.28E-06
6.40E+01	-1.21E-06	-2.25E-06
8.00E+01	1.23E-05	6.56E-06
9.60E+01	-2.45E-05	-9.52E-06
1.12E+02	2.21E-05	1.26E-05
1.28E+02	-5.55E-06	-7.55E-06
1.44E+02	-1.34E-06	2.16E-06
1.60E+02	4.79E-06	-2.36E-06
1.76E+02	-1.07E-06	5.89E-07
1.92E+02	-9.17E-08	9.41E-08
2.08E+02	-4.11E-07	1.83E-08
2.24E+02	2.65E-06	-2.41E-07
2.40E+02	-2.17E-06	1.36E-06
2.56E+02	2.14E-06	-4.49E-06
2.72E+02	-1.77E-07	1.64E-06
2.88E+02	-2.85E-06	1.63E-06
3.04E+02	2.79E-06	-5.89E-06
3.20E+02	1.33E-06	1.47E-06
3.36E+02	-1.19E-06	1.93E-06
3.52E+02	-3.43E-07	-2.56E-06
3.68E+02	1.19E-06	5.13E-07
3.84E+02	-1.11E-06	-6.66E-07
4.00E+02	-8.56E-07	2.95E-06
4.16E+02	-5.92E-08	-4.22E-07
4.32E+02	3.12E-06	-2.55E-06
4.48E+02	-1.88E-06	2.30E-06
4.64E+02	1.02E-06	-6.51E-07
4.80E+02	-1.31E-06	6.31E-07
4.96E+02	-5.00E-08	-7.75E-07
5.12E+02	1.40E-06	1.86E-06
5.28E+02	-1.93E-06	-3.01E-06
5.44E+02	2.56E-06	4.84E-06
5.60E+02	-1.30E-07	-3.79E-06
5.76E+02	-3.56E-07	4.65E-07
5.92E+02	-6.21E-07	1.08E-08
6.08E+02	2.45E-06	6.54E-07
6.24E+02	-5.84E-07	-7.15E-07
6.40E+02	-4.63E-07	5.01E-07
6.56E+02	2.57E-07	-3.00E-08
6.72E+02	-3.46E-08	-2.48E-07
6.88E+02	1.20E-07	1.06E-06
7.04E+02	-3.89E-07	-9.90E-07
7.20E+02	-1.86E-08	3.01E-07
7.36E+02	2.81E-07	-2.29E-07
7.52E+02	1.20E-08	1.10E-08
7.68E+02	-3.62E-07	4.96E-07
7.84E+02	6.32E-07	-1.80E-06
8.00E+02	-9.71E-07	2.22E-06
8.16E+02	1.03E-06	-1.94E-06
8.32E+02	-5.65E-07	1.27E-06
8.48E+02	2.49E-07	-1.91E-07
8.64E+02	-3.42E-07	2.33E-07
8.80E+02	4.21E-07	-1.11E-06
8.96E+02	2.44E-07	1.07E-06
9.12E+02	-2.05E-06	-2.39E-06
9.28E+02	1.54E-06	3.93E-06
9.44E+02	1.49E-06	-3.77E-06
9.60E+02	-1.64E-06	1.88E-06
9.76E+02	1.78E-07	-4.41E-07
9.92E+02	7.52E-09	-4.08E-09
1.01E+03	3.64E-07	1.04E-06
1.02E+03	-9.02E-07	-6.65E-07
1.04E+03	5.83E-07	9.61E-08
1.06E+03	-4.49E-07	-4.86E-07
1.07E+03	1.02E-07	3.53E-07
1.09E+03	2.87E-07	6.37E-08
1.10E+03	-3.25E-07	-2.66E-07
1.12E+03	-1.01E-07	1.27E-07
1.14E+03	3.36E-07	-8.92E-08
1.15E+03	-2.20E-08	-1.76E-07
1.17E+03	-2.82E-07	5.11E-07
1.18E+03	-3.86E-08	-9.54E-08
1.20E+03	5.44E-07	1.37E-07
1.22E+03	-7.55E-07	-3.04E-07
1.23E+03	8.50E-07	4.12E-07
1.25E+03	-6.69E-07	-2.98E-07
1.26E+03	3.47E-07	2.67E-07
1.28E+03	-8.28E-08	-4.56E-07
1.30E+03	-7.01E-08	2.10E-07
1.31E+03	8.23E-08	-6.63E-08
1.33E+03	-2.71E-07	9.36E-08
1.34E+03	2.08E-07	8.04E-08
1.36E+03	-8.51E-08	-7.10E-08
1.38E+03	6.75E-08	1.46E-08
1.39E+03	-6.89E-08	-3.49E-08
1.41E+03	1.52E-07	1.25E-07
1.42E+03	-1.78E-07	-1.53E-07
1.44E+03	-5.09E-10	1.13E-08
1.46E+03	1.27E-07	3.45E-08
1.47E+03	-1.47E-07	-1.75E-07
1.49E+03	5.07E-08	2.05E-07
1.50E+03	-1.63E-08	-1.62E-09
1.52E+03	2.25E-07	-7.33E-08
1.54E+03	-1.45E-07	-2.41E-08
1.55E+03	-3.53E-09	5.03E-08
1.57E+03	9.96E-08	-1.90E-07
1.58E+03	-9.95E-08	2.51E-07
1.60E+03	1.23E-08	-3.93E-07
1.62E+03	-1.04E-07	2.78E-07
1.63E+03	1.73E-07	4.99E-08
1.65E+03	-1.88E-07	-1.86E-07
1.66E+03	1.72E-08	1.68E-08
1.68E+03	1.48E-08	-4.80E-09
1.70E+03	1.41E-07	5.04E-08
1.71E+03	-1.29E-06	-1.40E-07
1.73E+03	1.18E-06	9.78E-08
1.74E+03	-1.14E-07	-4.93E-08
1.76E+03	-4.99E-08	5.54E-08
1.78E+03	4.57E-08	-3.72E-08
1.79E+03	3.61E-08	-1.77E-08
1.81E+03	-1.89E-07	5.43E-08
1.82E+03	3.18E-08	9.17E-08
1.84E+03	5.20E-08	-2.44E-07
1.86E+03	4.82E-08	1.83E-07
1.87E+03	-1.58E-08	-6.68E-08
1.89E+03	-1.64E-07	3.73E-08
1.90E+03	1.25E-07	2.60E-08
1.92E+03	4.51E-08	-2.39E-08
1.94E+03	-7.11E-08	-3.13E-08
1.95E+03	7.44E-10	-5.97E-10
1.97E+03	1.69E-08	-1.59E-09
1.98E+03	-6.71E-08	1.12E-07
2.00E+03	2.33E-09	-4.82E-08
2.02E+03	7.97E-09	1.60E-08
2.03E+03	-8.89E-09	-3.67E-08
2.05E+03	6.54E-08	5.77E-08
2.06E+03	-1.09E-07	-1.82E-08
2.08E+03	4.23E-08	-3.28E-08
2.10E+03	1.48E-08	8.99E-09
2.11E+03	-8.36E-08	-2.00E-08
2.13E+03	9.83E-08	1.01E-07
2.14E+03	-8.98E-08	-3.71E-08
2.16E+03	9.63E-08	-5.90E-08
2.18E+03	-2.48E-08	6.50E-08
2.19E+03	-1.09E-07	-1.13E-07
2.21E+03	3.94E-07	4.19E-07
2.22E+03	-1.97E-07	-2.96E-07
2.24E+03	1.11E-08	-2.45E-10
2.26E+03	-8.50E-09	1.83E-08
2.27E+03	6.32E-09	-4.06E-09
2.29E+03	-5.94E-08	-6.44E-09
2.30E+03	1.12E-07	1.47E-07
2.32E+03	-1.26E-08	-1.25E-07
2.34E+03	-3.91E-08	-4.06E-09
2.35E+03	1.39E-07	5.76E-08
2.37E+03	-6.37E-08	1.70E-09
2.38E+03	-1.28E-08	-1.32E-08
2.40E+03	3.62E-08	1.00E-08
2.42E+03	-3.32E-09	-1.11E-08
2.43E+03	-5.27E-09	1.37E-07
2.45E+03	5.84E-08	-3.14E-07
2.46E+03	-4.58E-08	1.51E-07
2.48E+03	-1.73E-08	-4.54E-08
2.50E+03	2.49E-08	1.40E-08
2.51E+03	-7.84E-09	1.73E-09
2.53E+03	4.04E-09	3.89E-09
2.54E+03	-3.42E-10	-7.78E-10
2.56E+03	1.05E-08	-1.69E-08
2.58E+03	-1.45E-08	2.15E-08
2.59E+03	-6.07E-09	7.07E-09
2.61E+03	1.67E-08	-4.35E-08
2.62E+03	-4.00E-09	3.86E-09
2.64E+03	1.28E-08	1.35E-08
2.66E+03	-1.91E-08	1.41E-08
2.67E+03	2.59E-08	-1.32E-07
2.69E+03	6.86E-08	2.06E-07
2.70E+03	-4.95E-08	-1.14E-07
2.72E+03	-2.16E-08	1.17E-08
2.74E+03	6.91E-08	-7.21E-09
2.75E+03	-2.75E-09	3.40E-09
2.77E+03	-3.87E-08	-6.22E-08
2.78E+03	-2.96E-09	8.22E-08
2.80E+03	6.15E-08	-4.41E-09
2.82E+03	-1.92E-07	7.42E-08
2.83E+03	1.65E-07	-1.37E-07
2.85E+03	-5.39E-08	3.36E-08
2.86E+03	8.16E-08	-6.55E-08
2.88E+03	-2.56E-07	1.44E-07
2.90E+03	4.51E-07	-6.65E-08
2.91E+03	-2.96E-07	-2.82E-08
2.93E+03	1.36E-07	3.75E-08
2.94E+03	-8.77E-08	-8.44E-08
2.96E+03	1.57E-08	2.55E-08
2.98E+03	2.79E-09	8.43E-09
2.99E+03	5.67E-10	-1.73E-09
3.01E+03	-2.33E-08	2.25E-09
3.02E+03	4.00E-08	1.11E-08
3.04E+03	-3.57E-08	-4.67E-08
3.06E+03	-6.98E-09	2.73E-08
3.07E+03	1.11E-07	-4.48E-08
3.09E+03	-1.08E-07	7.96E-08
3.10E+03	3.04E-08	-1.36E-07
3.12E+03	-5.05E-08	1.14E-07
3.14E+03	1.14E-07	-3.38E-08
3.15E+03	-7.97E-08	-2.71E-10
3.17E+03	1.51E-08	-3.15E-09
3.18E+03	-3.22E-08	1.01E-08
3.20E+03	1.75E-08	4.93E-09
3.22E+03	3.01E-08	-4.35E-08
3.23E+03	-1.05E-07	4.99E-08
3.25E+03	1.20E-07	-4.00E-08
3.26E+03	-1.14E-08	1.54E-08
3.28E+03	-3.22E-08	-1.75E-08
3.30E+03	2.98E-08	8.43E-08
3.31E+03	-1.14E-08	-1.21E-07
3.33E+03	2.81E-08	4.68E-08
3.34E+03	-3.96E-08	-5.90E-08
3.36E+03	1.94E-08	8.57E-08
3.38E+03	-3.98E-09	-7.42E-09
3.39E+03	2.76E-08	-1.15E-08
3.41E+03	-3.53E-08	-3.52E-08
3.42E+03	3.40E-09	1.14E-07
3.44E+03	1.08E-08	-1.16E-07
3.46E+03	-1.31E-08	3.16E-08
3.47E+03	1.96E-08	3.61E-09
3.49E+03	-1.13E-08	-6.80E-09
3.50E+03	-2.16E-08	8.39E-08
3.52E+03	1.44E-07	-3.00E-07
3.54E+03	-1.00E-07	1.42E-07
3.55E+03	5.32E-08	3.53E-09
3.57E+03	-6.71E-08	-5.84E-08
3.58E+03	1.05E-08	1.28E-08
3.60E+03	1.13E-09	7.66E-10
3.62E+03	9.22E-10	1.68E-09
3.63E+03	-2.25E-08	2.20E-09
3.65E+03	4.98E-08	-2.91E-08
3.66E+03	-4.08E-08	-1.46E-08
3.68E+03	1.33E-08	3.61E-08
3.70E+03	4.45E-08	-1.01E-08
3.71E+03	-1.50E-07	-1.52E-08
3.73E+03	7.88E-08	8.94E-09
3.74E+03	-2.58E-08	-1.16E-09
3.76E+03	2.27E-08	8.15E-09
3.78E+03	-6.70E-09	-6.44E-09
3.79E+03	6.07E-09	-1.42E-09
3.81E+03	-5.12E-08	5.93E-09
3.82E+03	6.81E-08	1.41E-10
3.84E+03	-7.99E-09	9.78E-09
3.86E+03	-2.76E-08	-1.18E-08
3.87E+03	4.26E-08	-1.95E-08
3.89E+03	-5.62E-09	1.05E-08
3.90E+03	6.95E-10	-1.38E-09
3.92E+03	-3.68E-09	6.39E-09
3.94E+03	-1.96E-08	-3.62E-08
3.95E+03	4.03E-08	3.31E-08
3.97E+03	-1.26E-08	-1.12E-08
3.98E+03	-1.73E-09	2.94E-08
4.00E+03	1.08E-08	-1.69E-08
4.02E+03	-2.51E-08	4.56E-09
4.03E+03	4.62E-09	-3.89E-09
4.05E+03	7.22E-08	2.53E-08
4.06E+03	-1.24E-07	-6.15E-08
4.08E+03	5.59E-08	4.69E-08
4.10E+03	-2.55E-08	-1.92E-08
4.11E+03	2.06E-08	2.00E-08
4.13E+03	6.89E-09	-1.90E-08
4.14E+03	-7.67E-08	2.80E-08
4.16E+03	4.41E-08	-2.70E-08
4.18E+03	-9.12E-09	1.53E-08
4.19E+03	1.85E-11	8.83E-11
4.21E+03	8.88E-09	-1.83E-08
4.22E+03	-1.47E-08	1.10E-08
4.24E+03	9.68E-09	4.49E-09
4.26E+03	-9.52E-10	-7.59E-09
4.27E+03	1.65E-08	1.84E-08
4.29E+03	-5.10E-08	-2.82E-08
4.30E+03	3.84E-08	-4.10E-09
4.32E+03	-2.41E-08	1.55E-08
4.34E+03	2.77E-08	-2.38E-09
4.35E+03	-8.58E-08	5.17E-09
4.37E+03	3.33E-08	-1.76E-08
4.38E+03	1.36E-09	6.49E-09
4.40E+03	9.97E-10	3.96E-10
4.42E+03	-2.62E-09	-2.52E-09
4.43E+03	-4.89E-09	2.40E-09
4.45E+03	1.51E-08	-1.06E-08
4.46E+03	-1.79E-09	3.97E-09
4.48E+03	-3.40E-09	-1.63E-09
4.50E+03	3.90E-09	1.12E-08
4.51E+03	-1.28E-09	-6.31E-09
4.53E+03	1.94E-09	-4.47E-09
4.54E+03	-2.64E-09	1.09E-08
