Data_hou_10_ch1=[0	0.006998277
0.008898981	0.008535777
0.017797961	0.009304528
0.026696942	0.013466382
0.035595923	0.008138148
0.044494904	0.007236855
0.053393884	0.0067597
0.062292865	0.009967243
0.071191846	0.002968966
0.080090827	0.017707762
0.088989807	0.007448924
0.097888788	-0.002465302
0.106787769	-0.001033836
0.11568675	-0.01696552
0.12458573	-0.02141897
0.133484711	-0.015030391
0.142383692	-0.027462936
0.151282673	-0.036422852
0.160181653	-0.035521558
0.169080634	-0.04821919
0.177979615	-0.044773069
0.186878596	-0.043368112
0.195777576	-0.035309489
0.204676557	-0.019775435
0.213575538	-0.012618106
0.222474519	-0.004957113
0.231373499	0.011743321
0.24027248	0.027065307
0.249171461	0.036475869
0.258070441	0.051903889
0.266969422	0.062401305
0.275868403	0.061791606
0.284767384	0.069876737
0.293666364	0.069956263
0.302565345	0.060545701
0.311464326	0.048855397
0.320363307	0.049730182
0.329262287	0.028496773
0.338161268	0.015613581
0.347060249	0.002412285
0.35595923	-0.006706682
0.36485821	-0.007740519
0.373757191	-0.015348494
0.382656172	-0.030299359
0.391555153	-0.025686858
0.400454133	-0.036369834
0.409353114	-0.038331473
0.418252095	-0.040187076
0.427151076	-0.038941171
0.436050056	-0.020650219
0.444949037	-0.02526272
0.453848018	-0.017151081
0.462746998	-0.019245262
0.471645979	-0.025792893
0.48054496	-0.012697632
0.489443941	-0.010682976
0.498342921	-0.019722417
0.507241902	-0.007767027
0.516140883	-0.009198493
0.525039864	-0.010073278
0.533938844	-0.008509269
0.542837825	-0.011875864
0.551736806	0.001484483
0.560635787	0.007369398
0.569534767	0.010762502
0.578433748	0.01349289
0.587332729	0.016673926
0.59623171	0.024971125
0.60513069	0.018821124
0.614029671	0.016885995
0.622928652	0.019218754
0.631827633	0.007422415
0.640726613	0.005434268
0.649625594	0.000848276
0.658524575	-0.00288944
0.667423556	-0.002624354
0.676322536	-0.014924356
0.685221517	-0.018741598
0.694120498	-0.009410562
0.703019478	-0.019563366
0.711918459	-0.003949785
0.72081744	-0.008721338
0.729716421	-0.006070475
0.738615401	0.00116638
0.747514382	-0.002597845
0.756413363	-0.002995475
0.765312344	0.007395907
0.774211324	0.007873062
0.783110305	0.011822847
0.792009286	0.005672846
0.800908267	0.003605173
0.809807247	0.00328707
0.818706228	-0.002730388
0.827605209	0.001961638
0.83650419	-0.002597845
0.84540317	0.001988147
0.854302151	-0.015295477
0.863201132	-0.002836423
0.872100113	-0.007316381
0.880999093	-0.002544828
0.889898074	0.016700434
0.898797055	0.017310133
0.907696036	0.008721338
0.916595016	0.012432545
0.925493997	0.017204098
0.934392978	0.015401512
0.943291958	0.039365309
0.952190939	0.027171341
0.96108992	0.017469184
0.969988901	0.006547631
0.978887881	0.002067673
0.987786862	0.005328234
0.996685843	0.002597845
1.005584824	-0.007581467
1.014483804	-0.006494613
1.023382785	-0.012803666
1.032281766	-0.014235132
1.041180747	-0.018105391
1.050079727	-0.019510348
1.058978708	-0.017760779
1.067877689	-0.022982978
1.07677667	-0.026641169
1.08567565	-0.023645694
1.094574631	-0.024043323
1.103473612	-0.029769187
1.112372593	-0.016567891
1.121271573	-0.018184917
1.130170554	-0.012220476
1.139069535	-0.020385133
1.147968516	-0.014288149
1.156867496	-0.003366595
1.165766477	0.003313578
1.174665458	0.012909701
1.183564438	0.010497416
1.192463419	0.006123493
1.2013624	0.00424138
1.210261381	0.021047849
1.219160361	0.016514874
1.228059342	0.027065307
1.236958323	0.021896125
1.245857304	0.012856683
1.254756284	0.020146555
1.263655265	0.01330733
1.272554246	0.028788367
1.281453227	0.032420049
1.290352207	0.013704959
1.299251188	0.017601727
1.308150169	0.00347263
1.31704915	-0.012008407
1.32594813	-0.011557761
1.334847111	-0.016090736
1.343746092	-0.021631039
1.352645073	-0.028708842
1.361544053	-0.041936646
1.370443034	-0.04416337
1.379342015	-0.045939448
1.388240995	-0.025739876
1.397139976	-0.009755174
1.406038957	-0.009516597
1.414937938	-0.011319183
1.423836918	-0.008509269
1.432735899	-0.006388579
1.44163488	0.017575219
1.450533861	0.019695909
1.459432841	0.014102589
1.468331822	0.023433625
1.477230803	0.003234052
1.486129784	-0.006839225
1.495028764	0.011902373
1.503927745	0.000503664
1.512826726	0.017495693
1.521725707	0.001298923
1.530624687	-0.01582565
1.539523668	-0.001086854
1.548422649	-0.002783406
1.55732163	0.002650863
1.56622061	0.021392461
1.575119591	0.00559332
1.584018572	0.006096984
1.592917553	0.001590518
1.601816533	0.009967243
1.610715514	0.013864011
1.619614495	0.010974571
1.628513475	-0.002783406
1.637412456	-0.013651942
1.646311437	-0.007289872
1.655210418	-0.009622631
1.664109398	-0.005540303
1.673008379	-0.014897848
1.68190736	-0.013254313
1.690806341	-0.019351297
1.699705321	0.000715733
1.708604302	0.008058622
1.717503283	0.020305607
1.726402264	0.009278019
1.735301244	0.018423495
1.744200225	0.01100108
1.753099206	0.012750649
1.761998187	0.019165736
1.770897167	0.029769187
1.779796148	0.021127375
1.788695129	0.03374548
1.79759411	0.007767027
1.80649309	-0.001060345
1.815392071	0.000212069
1.824291052	0.005089656
1.833190033	-0.002067673
1.842089013	-0.004957113
1.850987994	-0.008959915
1.859886975	-0.022399789
1.868785955	-0.018556038
1.877684936	-0.013837503
1.886583917	-0.026402591
1.895482898	-0.007820045
1.904381878	-0.007501941
1.913280859	-0.016090736
1.92217984	-0.020782763
1.931078821	-0.01176983
1.939977801	-0.026985781
1.948876782	-0.00288944
1.957775763	0.001749569
1.966674744	-0.01389052
1.975573724	-0.017045046
1.984472705	-0.011743321
1.993371686	-0.006468105
2.002270667	0.008376726
2.011169647	0.015931684
2.020068628	0.015189442
2.028967609	0.01118664
2.03786659	0.018237934
2.04676557	0.021657547
2.055664551	0.017416167
2.064563532	0.023115522
2.073462513	0.018237934
2.082361493	-0.00617651
2.091260474	-0.001378449
2.100159455	-0.009622631
2.109058435	-0.004320906
2.117957416	0.001510992
2.126856397	0.008005605
2.135755378	0.000901293
2.144654358	-0.004665518
2.153553339	-0.014500218
2.16245232	-0.005699355
2.171351301	0.001378449
2.180250281	0.006627156
2.189149262	0.003260561
2.198048243	-0.006441596
2.206947224	-0.011928882
2.215846204	-0.013678451
2.224745185	-0.013015735
2.233644166	-0.006335562
2.242543147	-0.005831898
2.251442127	-0.006388579
2.260341108	-0.005248708
2.269240089	-0.016223279
2.27813907	0.004479958
2.28703805	0.013598925
2.295937031	0.009225002
2.304836012	0.034991386
2.313734992	0.02467953
2.322633973	0.014394184
2.331532954	0.030882549
2.340431935	0.008986424
2.349330915	0.027913583
2.358229896	0.031704316
2.367128877	0.014394184
2.376027858	0.015401512
2.384926838	-0.003578664
2.393825819	-0.01465927
2.4027248	-0.011716813
2.411623781	-0.014261641
2.420522761	-0.01253858
2.429421742	-0.009622631
2.438320723	-0.015719615
2.447219704	-0.019218754
2.456118684	-0.023380608
2.465017665	-0.011319183
2.473916646	-0.003896768
2.482815627	0.00193513
2.491714607	-0.006786208
2.500613588	-0.007501941
2.509512569	-0.01060345
2.51841155	-0.008641812
2.52731053	-0.009171984
2.536209511	0.012220476
2.545108492	-0.002544828
2.554007472	-0.017972848
2.562906453	-0.01582565
2.571805434	-0.003101509
2.580704415	0.002650863
2.589603395	0.011398709
2.598502376	0.001484483
2.607401357	0.022691384
2.616300338	0.005354742
2.625199318	-0.003684699
2.634098299	0.017283624
2.64299728	0.02507716
2.651896261	0.021737073
2.660795241	0.015905175
2.669694222	0.002173707
2.678593203	-0.003631682
2.687492184	-0.014367675
2.696391164	-0.00888039
2.705290145	-0.006070475
2.714189126	-0.009012933
2.723088107	-0.022585349
2.731987087	-0.04416337
2.740886068	-0.020676728
2.749785049	-0.020570694
2.75868403	-0.005858406
2.76758301	-0.00424138
2.776481991	0.003578664
2.785380972	-0.002200216
2.794279952	-0.00789957
2.803178933	0.000132543
2.812077914	0.016117244
2.820976895	0.006415087
2.829875875	0.001696552
2.838774856	0.00288944
2.847673837	-0.001378449
2.856572818	-0.020650219
2.865471798	-0.016806469
2.874370779	-0.012777158
2.88326976	-0.024069832
2.892168741	-0.021578021
2.901067721	-0.028920911
2.909966702	-0.029239014
