Data_hou_0_ch1=[0	-0.000132543
0.008898981	-0.004532975
0.017797961	-0.007634484
0.026696942	-0.00925151
0.035595923	-0.010338364
0.044494904	-0.008986424
0.053393884	-0.00789957
0.062292865	-0.00617651
0.071191846	-0.008774355
0.080090827	-0.004665518
0.088989807	-0.001696552
0.097888788	-0.000106035
0.106787769	0.000954311
0.11568675	0.000901293
0.12458573	0.001325431
0.133484711	-0.001378449
0.142383692	-0.000530173
0.151282673	-0.00212069
0.160181653	5.30E-05
0.169080634	-0.001908621
0.177979615	-0.006335562
0.186878596	-0.008032114
0.195777576	-0.007263363
0.204676557	-0.0067597
0.213575538	-0.008694829
0.222474519	-0.016885995
0.231373499	-0.016170262
0.24027248	-0.015321986
0.249171461	-0.023168539
0.258070441	-0.020756254
0.266969422	-0.02237328
0.275868403	-0.021525004
0.284767384	-0.01619677
0.293666364	-0.021206901
0.302565345	-0.013917028
0.311464326	-0.009728666
0.320363307	-0.0067597
0.329262287	0.001988147
0.338161268	-0.001617026
0.347060249	0.005858406
0.35595923	0.009384053
0.36485821	0.002624354
0.373757191	0.005036639
0.382656172	0.007846553
0.391555153	0.008058622
0.400454133	0.007051294
0.409353114	0.005752372
0.418252095	0.006653665
0.427151076	0.004612501
0.436050056	0.005540303
0.444949037	0.011239657
0.453848018	0.009171984
0.462746998	0.008933407
0.471645979	0.006653665
0.48054496	0.002995475
0.489443941	0.006309053
0.498342921	0.006096984
0.507241902	0.002571337
0.516140883	0.002756897
0.525039864	-0.001325431
0.533938844	0.002014656
0.542837825	0.002465302
0.551736806	0.002597845
0.560635787	0.004665518
0.569534767	0.007289872
0.578433748	0.006971769
0.587332729	0.009861209
0.59623171	0.008668321
0.60513069	0.010470907
0.614029671	0.010576942
0.622928652	0.010046769
0.631827633	0.009437071
0.640726613	0.00789957
0.649625594	0.009755174
0.658524575	0.005487286
0.667423556	0.003790733
0.676322536	0.004771553
0.685221517	0.008111639
0.694120498	0.006839225
0.703019478	0.003101509
0.711918459	0.000980819
0.72081744	0.002253233
0.729716421	-0.00076875
0.738615401	-0.00116638
0.747514382	-0.001457974
0.756413363	-0.004639009
0.765312344	-0.004002802
0.774211324	-0.008217674
0.783110305	-0.010895045
0.792009286	-0.011928882
0.800908267	-0.00771401
0.809807247	-0.008456252
0.818706228	-0.010258838
0.827605209	-0.010629959
0.83650419	-0.008694829
0.84540317	-0.008323708
0.854302151	-0.004930604
0.863201132	-0.008111639
0.872100113	-0.005142673
0.880999093	-0.004851078
0.889898074	-0.006521122
0.898797055	-0.003101509
0.907696036	-0.006733191
0.916595016	-0.003366595
0.925493997	-0.001776078
0.934392978	0.001510992
0.943291958	0.000609698
0.952190939	0.005089656
0.96108992	0.002465302
0.969988901	0.000927802
0.978887881	0.000689224
0.987786862	0.001272414
0.996685843	-0.000742242
1.005584824	-0.005169182
1.014483804	-0.008270691
1.023382785	-0.014155606
1.032281766	-0.013837503
1.041180747	-0.011928882
1.050079727	-0.006070475
1.058978708	-0.010311855
1.067877689	-0.00888039
1.07677667	-0.006017458
1.08567565	-0.009304528
1.094574631	-0.002862932
1.103473612	0.001961638
1.112372593	0.001272414
1.121271573	0.003048492
1.130170554	0.004877587
1.139069535	0.004612501
1.147968516	0.005964441
1.156867496	0.0082972
1.165766477	0.004400432
1.174665458	0.005725863
1.183564438	0.009543105
1.192463419	0.005858406
1.2013624	0.008191165
1.210261381	0.01195539
1.219160361	0.008721338
1.228059342	0.010152804
1.236958323	0.010497416
1.245857304	0.008509269
1.254756284	0.013625434
1.263655265	0.012008407
1.272554246	0.013784485
1.281453227	0.012326511
1.290352207	-0.002359268
1.299251188	0.005699355
1.308150169	0.003128018
1.31704915	-0.003790733
1.32594813	0.00617651
1.334847111	-0.003366595
1.343746092	-0.009225002
1.352645073	-0.006892243
1.361544053	-0.015878667
1.370443034	-0.009967243
1.379342015	-0.003181035
1.388240995	-0.005513794
1.397139976	-0.004745044
1.406038957	-0.008827372
1.414937938	-0.005036639
1.423836918	-0.001033836
1.432735899	-0.005831898
1.44163488	0.00212069
1.450533861	-0.000132543
1.459432841	-0.003181035
1.468331822	0.001086854
1.477230803	-0.002862932
1.486129784	0.004612501
1.495028764	0.008562286
1.503927745	0.004400432
1.512826726	0.005831898
1.521725707	0.00636207
1.530624687	0.003446121
1.539523668	0.002147199
1.548422649	-0.000397629
1.55732163	-0.002597845
1.56622061	-0.008588795
1.575119591	-0.004718535
1.584018572	-0.00577888
1.592917553	-0.010842028
1.601816533	-0.011743321
1.610715514	-0.010258838
1.619614495	-0.012034916
1.628513475	-0.013810994
1.637412456	-0.014182115
1.646311437	-0.011663795
1.655210418	-0.015507546
1.664109398	-0.010576942
1.673008379	-0.006309053
1.68190736	-0.00405582
1.690806341	0.005858406
1.699705321	0.010868537
1.708604302	0.010735993
1.717503283	0.018450003
1.726402264	0.020173064
1.735301244	0.020279099
1.744200225	0.020729745
1.753099206	0.018980176
1.761998187	0.015587072
1.770897167	0.005699355
1.779796148	0.005328234
1.788695129	0.002438794
1.79759411	-0.006547631
1.80649309	-0.004532975
1.815392071	-0.011743321
1.824291052	-0.018370478
1.833190033	-0.011610778
1.842089013	-0.0165944
1.850987994	-0.008615303
1.859886975	-0.009967243
1.868785955	-0.012989227
1.877684936	-0.014208623
1.886583917	-0.016329313
1.895482898	-0.011107114
1.904381878	-0.003207544
1.913280859	-0.006547631
1.92217984	0.003631682
1.931078821	0.001431466
1.939977801	-0.007581467
1.948876782	0.005884915
1.957775763	0.011478235
1.966674744	0.013386856
1.975573724	0.019430823
1.984472705	0.009887717
1.993371686	0.01253858
2.002270667	0.0113722
2.011169647	0.010179312
2.020068628	0.010948062
2.028967609	0.007767027
2.03786659	0.008323708
2.04676557	0.010311855
2.055664551	0.000874785
2.064563532	0.006017458
2.073462513	0.004082328
2.082361493	-0.001404957
2.091260474	2.65E-05
2.100159455	-0.005275217
2.109058435	-0.006998277
2.117957416	-0.009145476
2.126856397	-0.013598925
2.135755378	-0.013864011
2.144654358	-0.010629959
2.153553339	-0.007820045
2.16245232	-0.005672846
2.171351301	-0.005381251
2.180250281	-7.95E-05
2.189149262	0.002385776
2.198048243	0.005195691
2.206947224	0.008721338
2.215846204	0.009092459
2.224745185	0.006070475
2.233644166	0.003393104
2.242543147	0.002253233
2.251442127	0.001298923
2.260341108	0.002014656
2.269240089	-0.000980819
2.27813907	-0.005540303
2.28703805	-0.008085131
2.295937031	-0.009384053
2.304836012	-0.008615303
2.313734992	-0.005063147
2.322633973	-0.00347263
2.331532954	-0.005460777
2.340431935	-0.010868537
2.349330915	-0.011451726
2.358229896	-0.010815519
2.367128877	-0.009967243
2.376027858	-0.007448924
2.384926838	-0.009755174
2.393825819	-0.014791813
2.4027248	-0.015905175
2.411623781	-0.016992029
2.420522761	-0.015189442
2.429421742	-0.016223279
2.438320723	-0.014023063
2.447219704	-0.013280821
2.456118684	-0.012485563
2.465017665	-0.01002026
2.473916646	-0.009331036
2.482815627	-0.005884915
2.491714607	-0.001219397
2.500613588	0.00230625
2.509512569	0.007024786
2.51841155	0.003048492
2.52731053	0.006627156
2.536209511	0.004930604
2.545108492	0.00848276
2.554007472	0.011902373
2.562906453	0.010073278
2.571805434	0.009543105
2.580704415	0.008509269
2.589603395	0.006415087
2.598502376	0.007210346
2.607401357	0.006229527
2.616300338	0.004002802
2.625199318	-0.000106035
2.634098299	-0.000212069
2.64299728	0.004745044
2.651896261	0.004692027
2.660795241	0.002809914
2.669694222	0.005540303
2.678593203	0.009145476
2.687492184	0.011345692
2.696391164	0.011451726
2.705290145	0.01349289
2.714189126	0.012406037
2.723088107	0.011345692
2.731987087	0.008138148
2.740886068	0.005434268
2.749785049	0.007289872
2.75868403	0.003896768
2.76758301	0.001617026
2.776481991	-0.001510992
2.785380972	0.001272414
2.794279952	0.004029311
2.803178933	0.00212069
2.812077914	0.002518319
2.820976895	0.001378449
2.829875875	0.001643535
2.838774856	0.001617026
2.847673837	0.000795259
2.856572818	0.000450647
2.865471798	-0.002730388
2.874370779	-0.007873062
2.88326976	-0.008085131
2.892168741	-0.010073278
2.901067721	-0.009887717
2.909966702	-0.011425218
2.918865683	-0.013625434
