data1=[1.000000000000000e+000	4.798733e-009
1.006955550056719e+000	4.777136e-009
1.013959479790029e+000	4.755534e-009
1.021012125707194e+000	4.733927e-009
1.028113826656067e+000	4.712317e-009
1.035264923841378e+000	4.690705e-009
1.042465760841122e+000	4.669092e-009
1.049716683623068e+000	4.647480e-009
1.057018040561381e+000	4.625870e-009
1.064370182453361e+000	4.604265e-009
1.071773462536294e+000	4.582664e-009
1.079228236504428e+000	4.561069e-009
1.086734862526059e+000	4.539482e-009
1.094293701260741e+000	4.517905e-009
1.101905115876612e+000	4.496337e-009
1.109569472067846e+000	4.474781e-009
1.117287138072221e+000	4.453239e-009
1.125058484688811e+000	4.431711e-009
1.132883885295800e+000	4.410198e-009
1.140763715868425e+000	4.388702e-009
1.148698354997037e+000	4.367224e-009
1.156688183905289e+000	4.345766e-009
1.164733586468458e+000	4.324328e-009
1.172834949231881e+000	4.302913e-009
1.180992661429532e+000	4.281520e-009
1.189207115002723e+000	4.260152e-009
1.197478704618931e+000	4.238809e-009
1.205807827690763e+000	4.217494e-009
1.214194884395049e+000	4.196206e-009
1.222640277692071e+000	4.174947e-009
1.231144413344919e+000	4.153719e-009
1.239707699938989e+000	4.132522e-009
1.248330548901615e+000	4.111357e-009
1.257013374521831e+000	4.090226e-009
1.265756593970283e+000	4.069130e-009
1.274560627319265e+000	4.048070e-009
1.283425897562907e+000	4.027047e-009
1.292352830637496e+000	4.006062e-009
1.301341855441937e+000	3.985116e-009
1.310393403858367e+000	3.964209e-009
1.319507910772898e+000	3.943345e-009
1.328685814096515e+000	3.922522e-009
1.337927554786116e+000	3.901742e-009
1.347233576865694e+000	3.881006e-009
1.356604327447676e+000	3.860316e-009
1.366040256754400e+000	3.839671e-009
1.375541818139749e+000	3.819074e-009
1.385109468110930e+000	3.798523e-009
1.394743666350411e+000	3.778022e-009
1.404444875738002e+000	3.757571e-009
1.414213562373101e+000	3.737170e-009
1.424050195597077e+000	3.716820e-009
1.433955248015833e+000	3.696523e-009
1.443929195522502e+000	3.676279e-009
1.453972517320317e+000	3.656088e-009
1.464085695945632e+000	3.635953e-009
1.474269217291108e+000	3.615872e-009
1.484523570629056e+000	3.595848e-009
1.494849248634945e+000	3.575881e-009
1.505246747411074e+000	3.555972e-009
1.515716566510405e+000	3.536121e-009
1.526259208960566e+000	3.516329e-009
1.536875181288020e+000	3.496597e-009
1.547564993542397e+000	3.476926e-009
1.558329159321007e+000	3.457316e-009
1.569168195793509e+000	3.437767e-009
1.580082623726762e+000	3.418281e-009
1.591072967509845e+000	3.398859e-009
1.602139755179252e+000	3.379500e-009
1.613283518444261e+000	3.360205e-009
1.624504792712480e+000	3.340975e-009
1.635804117115571e+000	3.321811e-009
1.647182034535156e+000	3.302712e-009
1.658639091628893e+000	3.283680e-009
1.670175838856749e+000	3.264715e-009
1.681792830507439e+000	3.245818e-009
1.693490624725065e+000	3.226989e-009
1.705269783535924e+000	3.208228e-009
1.717130872875518e+000	3.189536e-009
1.729074462615741e+000	3.170914e-009
1.741101126592259e+000	3.152361e-009
1.753211442632082e+000	3.133879e-009
1.765405992581321e+000	3.115468e-009
1.777685362333152e+000	3.097127e-009
1.790050141855957e+000	3.078859e-009
1.802500925221673e+000	3.060661e-009
1.815038310634334e+000	3.042536e-009
1.827662900458814e+000	3.024484e-009
1.840375301249763e+000	3.006505e-009
1.853176123780755e+000	2.988599e-009
1.866065983073628e+000	2.970766e-009
1.879045498428037e+000	2.953007e-009
1.892115293451206e+000	2.935322e-009
1.905275996087889e+000	2.917712e-009
1.918528238650543e+000	2.900176e-009
1.931872657849706e+000	2.882715e-009
1.945309894824586e+000	2.865329e-009
1.958840595173869e+000	2.848019e-009
1.972465408986734e+000	2.830784e-009
1.986184990874087e+000	2.813624e-009
2.000000000000016e+000	2.796541e-009
2.013911100113454e+000	2.779534e-009
2.027918959580075e+000	2.762603e-009
2.042024251414403e+000	2.745748e-009
2.056227653312150e+000	2.728970e-009
2.070529847682772e+000	2.712269e-009
2.084931521682260e+000	2.695645e-009
2.099433367246152e+000	2.679097e-009
2.114036081122779e+000	2.662627e-009
2.128740364906738e+000	2.646233e-009
2.143546925072605e+000	2.629917e-009
2.158456473008873e+000	2.613678e-009
2.173469725052135e+000	2.597517e-009
2.188587402521498e+000	2.581433e-009
2.203810231753241e+000	2.565427e-009
2.219138944135710e+000	2.549498e-009
2.234574276144460e+000	2.533646e-009
2.250116969377639e+000	2.517872e-009
2.265767770591618e+000	2.502176e-009
2.281527431736868e+000	2.486557e-009
2.297396709994091e+000	2.471016e-009
2.313376367810596e+000	2.455553e-009
2.329467172936933e+000	2.440167e-009
2.345669898463780e+000	2.424858e-009
2.361985322859083e+000	2.409627e-009
2.378414230005465e+000	2.394474e-009
2.394957409237880e+000	2.379398e-009
2.411615655381544e+000	2.364399e-009
2.428389768790117e+000	2.349478e-009
2.445280555384161e+000	2.334634e-009
2.462288826689857e+000	2.319867e-009
2.479415399877997e+000	2.305176e-009
2.496661097803248e+000	2.290564e-009
2.514026749043682e+000	2.276027e-009
2.531513187940585e+000	2.261568e-009
2.549121254638550e+000	2.247185e-009
2.566851795125834e+000	2.232879e-009
2.584705661275011e+000	2.218649e-009
2.602683710883894e+000	2.204496e-009
2.620786807716754e+000	2.190418e-009
2.639015821545816e+000	2.176417e-009
2.657371628193051e+000	2.162492e-009
2.675855109572252e+000	2.148642e-009
2.694467153731409e+000	2.134868e-009
2.713208654895372e+000	2.121169e-009
2.732080513508820e+000	2.107545e-009
2.751083636279517e+000	2.093997e-009
2.770218936221879e+000	2.080523e-009
2.789487332700841e+000	2.067124e-009
2.808889751476025e+000	2.053800e-009
2.828427124746221e+000	2.040550e-009
2.848100391194175e+000	2.027374e-009
2.867910496031687e+000	2.014272e-009
2.887858391045025e+000	2.001244e-009
2.907945034640654e+000	1.988290e-009
2.928171391891284e+000	1.975409e-009
2.948538434582236e+000	1.962600e-009
2.969047141258133e+000	1.949865e-009
2.989698497269912e+000	1.937203e-009
3.010493494822170e+000	1.924613e-009
3.031433133020832e+000	1.912095e-009
3.052518417921155e+000	1.899649e-009
3.073750362576062e+000	1.887275e-009
3.095129987084817e+000	1.874973e-009
3.116658318642037e+000	1.862742e-009
3.138336391587041e+000	1.850582e-009
3.160165247453548e+000	1.838493e-009
3.182145935019714e+000	1.826474e-009
3.204279510358528e+000	1.814526e-009
3.226567036888546e+000	1.802648e-009
3.249009585424983e+000	1.790839e-009
3.271608234231166e+000	1.779101e-009
3.294364069070335e+000	1.767431e-009
3.317278183257809e+000	1.755831e-009
3.340351677713521e+000	1.744299e-009
3.363585661014902e+000	1.732836e-009
3.386981249450153e+000	1.721441e-009
3.410539567071872e+000	1.710114e-009
3.434261745751060e+000	1.698855e-009
3.458148925231507e+000	1.687663e-009
3.482202253184543e+000	1.676539e-009
3.506422885264187e+000	1.665481e-009
3.530811985162667e+000	1.654490e-009
3.555370724666329e+000	1.643565e-009
3.580100283711938e+000	1.632707e-009
3.605001850443370e+000	1.621914e-009
3.630076621268693e+000	1.611186e-009
3.655325800917653e+000	1.600524e-009
3.680750602499551e+000	1.589927e-009
3.706352247561535e+000	1.579394e-009
3.732131966147282e+000	1.568926e-009
3.758090996856100e+000	1.558522e-009
3.784230586902437e+000	1.548181e-009
3.810551992175804e+000	1.537904e-009
3.837056477301112e+000	1.527691e-009
3.863745315699438e+000	1.517540e-009
3.890619789649199e+000	1.507451e-009
3.917681190347765e+000	1.497425e-009
3.944930817973495e+000	1.487461e-009
3.972369981748202e+000	1.477559e-009
4.000000000000060e+000	1.467719e-009
4.027822200226935e+000	1.457939e-009
4.055837919160177e+000	1.448220e-009
4.084048502828834e+000	1.438562e-009
4.112455306624328e+000	1.428964e-009
4.141059695365573e+000	1.419426e-009
4.169863043364549e+000	1.409947e-009
4.198866734492333e+000	1.400528e-009
4.228072162245587e+000	1.391168e-009
4.257480729813506e+000	1.381867e-009
4.287093850145240e+000	1.372624e-009
4.316912946017777e+000	1.363440e-009
4.346939450104302e+000	1.354313e-009
4.377174805043029e+000	1.345244e-009
4.407620463506515e+000	1.336232e-009
4.438277888271453e+000	1.327278e-009
