Tl_160=[160	1.09
162	1.08
164	1.25
166	1.2
168	1.34
170	1.25
172	1.02
174	0.97
176	1.31
178	1.49
180	1.32
182	1.5
184	1.56
186	1.75
188	1.7
190	1.85
192	1.86
194	1.74
196	2.2
198	2.03
200	2.24
202	2.14
204	2.2
206	2.23
208	2.28
210	2.42
212	2.53
214	2.78
216	2.76
218	2.84
220	2.99
222	3.04
224	3.02
226	2.9
228	2.93
230	2.93
232	2.73
234	2.81
236	2.97
238	2.72
240	2.68
242	2.69
244	2.47
246	2.33
248	2.14
250	1.84
252	1.63
254	1.54
256	1.63
258	1.45
260	1.31
262	1.25
264	1.3
266	1.26
268	1.09
270	1.24
272	0.93
274	1.13
276	1.29
278	1.25
280	1.27
282	1.21
284	1.38
286	1.3
288	1.33
290	1.3
292	1.56
294	1.64
296	1.55
298	1.35
300	1.4
302	1.57
304	1.58
306	1.52
308	1.57
310	1.62
312	1.83
314	1.73
316	1.67
318	1.74
320	1.7
322	1.78
324	1.78
326	1.66
328	1.8
330	1.73
332	1.72
334	1.77
336	1.79
338	1.8
340	1.78
342	1.77
344	1.81
346	1.85
348	1.93
350	1.9
352	1.87
354	1.88
356	1.99
358	2.05
360	2.04
362	2.02
364	2.03
366	2.12
368	2.16
370	2.18
372	2.18
374	2.22
376	2.25
378	2.28
380	2.29
382	2.33
384	2.34
386	2.37
388	2.33
390	2.31
392	2.28
394	2.33
396	2.33
398	2.34
400	2.3
402	2.34
404	2.35
406	2.45
408	2.39
410	2.38
412	2.4
414	2.48
416	7.03
418	2.5
420	2.49
422	2.53
424	2.59
426	2.62
428	2.67
430	2.7
432	2.7
434	2.67
436	2.72
438	2.79
440	2.86
442	2.88
444	2.79
446	2.88
448	2.89
450	2.87
452	2.87
454	2.83
456	2.82
458	2.71
460	2.61
462	2.65
464	2.68
466	2.64
468	2.53
470	2.59
472	2.58
474	2.5
476	2.5
478	2.5
480	2.47
482	2.51
484	2.49
486	2.45
488	2.52
490	2.52
492	2.46
494	2.49
496	2.58
498	2.59
500	2.59
502	2.62
504	2.69
506	2.7
508	2.7
510	2.68
512	2.76
514	2.79
516	2.85
518	2.87
520	2.86
522	2.85
524	2.91
526	2.96
528	2.97
530	2.99
532	3.03
534	3.04
536	3.03
538	3.01
540	3.06
542	3.06
544	3.02
546	3.01
548	2.99
550	2.95
552	2.89
554	2.89
556	2.86
558	2.78
560	2.76
562	2.76
564	2.75
566	2.71
568	2.67
570	2.72
572	2.74
574	2.72
576	2.75
578	2.71
580	2.79
582	2.75
584	2.87
586	2.81
588	2.88
590	2.9
592	2.94
594	2.87
596	2.99
598	2.94
600	2.96
602	3.02
604	3.04
606	3.1
608	3.12
610	3.18
612	3.09
614	3.13
616	3.19
618	3.19
620	3.23
622	3.16
624	3.17
626	3.2
628	3.18
630	3.22
632	3.2
634	3.12
636	3.1
638	3.03
640	3.07
642	3.08
644	3.2
646	3.1
648	3.1
650	3.11
652	3.12
654	3.2
656	3.12
658	3.12
660	3.12
662	3.22
664	3.18
666	3.25
668	3.19
670	3.18
672	3.26
674	3.28
676	3.16
678	3.22
680	3.31
682	3.18
684	3.22
686	3.25
688	3.26
690	3.32
692	3.26
694	3.37
696	3.37
698	3.4
700	3.34
702	3.34
704	3.36
706	3.4
708	3.42
710	3.41
712	3.45
714	3.43
716	3.43
718	3.45
720	3.54
722	3.53
724	3.55
726	3.49
728	3.53
730	3.49
732	3.54
734	3.58
736	3.59
738	3.62
740	3.6
742	3.58
744	3.61
746	3.61
748	3.63
750	3.61
752	3.62
754	3.69
756	3.72
758	3.71
760	3.74
762	3.75
764	3.72
766	3.72
768	3.73
770	3.76
772	3.77
774	3.79
776	3.82
778	3.84
780	3.83
782	3.9
784	3.89
786	3.88
788	3.92
790	3.89
792	3.97
794	4.01
796	3.99
798	3.99
800	4.01
802	4.03
804	3.96
806	4
808	4
810	4.04
812	4.04
814	4.09
816	4.08
818	4
820	3.96
822	3.98
824	4.01
826	3.91
828	3.95
830	3.98
832	3.93
834	3.83
836	3.83
838	3.84
840	3.8
842	3.83
844	3.79
846	3.79
848	3.75
850	3.78
852	3.73
854	3.75
856	3.77
858	3.69
860	3.72
862	3.67
864	3.68
866	3.66
868	3.7
870	3.78
872	3.73
874	3.69
876	3.75
878	3.82
880	3.84
882	3.84
884	3.83
886	3.9
888	3.86
890	3.9
892	3.94
894	4.02
896	3.99
898	3.94
900	3.98
902	4
904	3.95
906	3.98
908	4.04
910	4.09
912	4.08
914	4.06
916	4.1
918	4.12
920	4.06
922	4.03
924	4.05
926	4.02
928	4.16
930	4.09
932	4.15
934	4.14
936	4.14
938	4.12
940	4.12
942	4.13
944	4.11
946	4.14
948	4.18
950	4.2
952	4.19
954	4.26
956	4.14
958	4.14
960	4.14
962	4.06
964	4.08
966	4.04
968	4.07
970	4.17
972	4.18
974	4.17
976	4.2
978	4.13
980	4.1
982	4.17
984	4.2
986	4.14
988	4.12
990	4.14
992	4.21
994	4.22
996	4.28
998	4.22
1000	4.17
1002	4.2
1004	4.2
1006	4.2
1008	4.24
1010	4.18
1012	4.16
1014	4.16
1016	4.21
1018	4.2
1020	4.2
1022	4.21
1024	4.18
1026	4.2
1028	4.19
1030	4.17
1032	4.13
1034	4.12
1036	4.18
1038	4.21
1040	4.19
1042	4.12
1044	4.12
1046	4.13
1048	4.18
1050	4.2
1052	4.13
1054	4.13
1056	4.18
1058	4.16
1060	4.2
1062	4.19
1064	4.2
1066	4.27
1068	4.31
1070	4.21
1072	4.19
1074	4.29
1076	4.21
1078	4.26
1080	4.2
1082	4.2
1084	4.19
1086	4.3
1088	4.31
1090	4.27
1092	4.28
1094	4.22
1096	4.25
1098	4.33
1100	4.31
1102	4.36
1104	4.32
1106	4.34
1108	4.42
1110	4.36
1112	4.34
1114	4.3
1116	4.31
1118	4.38
1120	4.39
1122	4.35
1124	4.39
1126	4.41
1128	4.4
1130	4.42
1132	4.42
1134	4.38
1136	4.54
1138	4.47
1140	4.42
1142	4.51
1144	4.39
1146	4.3
1148	4.44
1150	4.49
1152	4.4
1154	4.37
1156	4.5
1158	4.51
1160	4.41
1162	4.34
1164	4.46
1166	4.41
1168	4.47
1170	4.55
1172	4.45
1174	4.44
1176	4.48
1178	4.41
1180	4.5
1182	4.47
1184	4.53
1186	4.62
1188	4.66
1190	4.47
1192	4.45
1194	4.47
1196	4.41
1198	4.47
1200	4.59
1202	4.53
1204	4.5
1206	4.6
1208	4.58
1210	4.45
1212	4.39
1214	4.55
1216	4.77
1218	4.59
1220	4.57
1222	4.64
1224	4.63
1226	4.63
1228	4.64
1230	4.57
1232	4.68
1234	4.67
1236	4.6
1238	4.61
1240	4.74
1242	4.72
1244	4.7
1246	4.6
1248	4.7
1250	4.63
1252	4.61
1254	4.77
1256	4.66
1258	4.68
1260	4.8
1262	4.7
1264	4.64
1266	4.81
1268	4.87
1270	4.79
1272	4.86
1274	4.78
1276	4.75
1278	4.82
1280	4.8
1282	4.81
1284	4.83
1286	4.75
1288	4.85
1290	4.82
1292	4.8
1294	4.77
1296	4.75
1298	4.77
1300	4.84
1302	4.86
1304	4.88
1306	4.86
1308	4.82
1310	4.91
1312	4.87
1314	4.93
1316	4.92
1318	4.89
1320	4.9
1322	4.97
1324	4.96
1326	4.9
1328	4.87
1330	4.95
1332	5.02
1334	4.93
1336	4.83
1338	4.88
1340	4.93
1342	4.92
1344	4.94
1346	4.88
1348	4.89
1350	4.95
1352	4.98
1354	4.96
1356	4.96
1358	4.96
1360	4.96
1362	4.97
1364	4.89
1366	4.88
1368	4.94
1370	4.97
1372	4.94
1374	4.86
1376	4.87
1378	4.86
1380	4.85
1382	4.91
1384	4.95
1386	4.87
1388	4.86
1390	4.92
1392	4.87
1394	4.83
1396	4.82
1398	4.87
1400	4.83
1402	4.84
1404	4.9
1406	4.92
1408	4.87
1410	4.86
1412	4.87
1414	4.84
1416	4.85
1418	4.86
1420	4.84
1422	4.82
1424	4.96
1426	4.97
1428	4.83
1430	4.78
1432	4.86
1434	4.85
1436	4.85
1438	4.86
1440	4.91
1442	4.83
1444	4.88
1446	5
1448	5
1450	4.89
1452	4.94
1454	5.04
1456	4.97
1458	4.69
1460	4.79
1462	5.02
1464	4.89
1466	4.98
1468	4.93
1470	4.99
1472	5.02
1474	5.08
1476	4.99
1478	4.9
1480	5.18
1482	5.13
1484	5.16
1486	4.98
1488	5.05
1490	5.15
1492	5.04
1494	5
1496	4.93
1498	5.01
1500	4.97
1502	5.09
1504	5.17
1506	5.15
1508	5.21
1510	5.09
1512	5.13
1514	5.35
1516	5.25
1518	5.24
1520	5.28
1522	5.08
1524	5
1526	5.1
1528	4.99
1530	5.06
1532	5.28
1534	5.23
1536	5.28
1538	5.44
1540	5.39
1542	5.3
1544	5.31
1546	5.22
1548	5.1
1550	5.05
1552	5.2
1554	5.41
1556	5.24
1558	5.35
1560	5.37
1562	5.34
1564	5.18
1566	5.15
1568	5.21
1570	5.29
1572	5.25
1574	5.05
1576	5.5
1578	5.59
1580	5.36
1582	5.33
1584	5.34
1586	5.21
1588	5.27
1590	5.29
1592	5.31
1594	5.53
1596	5.41
1598	5.34
1600	5.41
];