Tl_240=[160	-0.44
162	-0.53
164	0.4
166	0.57
168	0.06
170	0.09
172	0.38
174	0.36
176	0.25
178	0.54
180	0.31
182	-0.58
184	-0.17
186	0.69
188	0.44
190	0.2
192	0.64
194	0.62
196	0.42
198	0.42
200	1.23
202	1.43
204	1.19
206	0.64
208	0.45
210	0.35
212	0.65
214	0.65
216	0.92
218	1.17
220	1.22
222	1.51
224	1.34
226	1.37
228	1.45
230	1.49
232	1.14
234	1.04
236	2.1
238	2
240	2.07
242	1.88
244	1.9
246	2.15
248	2.52
250	2.7
252	2.69
254	2.72
256	3.28
258	3.52
260	3.56
262	3.75
264	4.18
266	4.21
268	4.11
270	4.17
272	3.77
274	4.03
276	4.12
278	4.41
280	4.56
282	4.8
284	5.46
286	5.79
288	6.09
290	6.4
292	6.4
294	6.53
296	6.54
298	6.04
300	5.59
302	5.06
304	4.54
306	4.11
308	3.76
310	3.58
312	3.42
314	2.9
316	2.83
318	2.96
320	2.96
322	3.37
324	3.36
326	3.52
328	3.81
330	3.95
332	4.27
334	4.55
336	4.61
338	4.63
340	4.25
342	3.61
344	3.02
346	2.4
348	2.23
350	1.84
352	1.58
354	1.23
356	1.17
358	1.08
360	0.97
362	0.8
364	0.82
366	0.95
368	0.87
370	0.84
372	0.95
374	0.97
376	0.99
378	0.9
380	1.01
382	1.05
384	1.09
386	1.15
388	1.16
390	1.18
392	1.23
394	1.29
396	1.32
398	1.16
400	1.23
402	1.34
404	1.32
406	1.43
408	1.46
410	1.42
412	1.47
414	1.46
416	3.67
418	1.57
420	1.49
422	1.57
424	1.65
426	1.73
428	1.79
430	1.84
432	1.87
434	1.9
436	1.93
438	2.05
440	2.11
442	2.01
444	1.91
446	2.14
448	2.32
450	2.41
452	2.31
454	2.41
456	2.49
458	2.6
460	2.57
462	2.73
464	2.86
466	2.84
468	2.8
470	3.04
472	3.13
474	3.12
476	3.12
478	3.33
480	3.45
482	3.61
484	3.65
486	3.75
488	3.87
490	4.05
492	3.89
494	3.77
496	3.6
498	3.52
500	3.61
502	3.67
504	3.53
506	3.4
508	3.21
510	3
512	2.81
514	2.65
516	2.75
518	2.84
520	2.77
522	2.44
524	2.4
526	2.61
528	2.53
530	2.71
532	2.87
534	3.07
536	3.03
538	3.02
540	3.02
542	3.08
544	3.12
546	3.06
548	2.97
550	3.04
552	3.23
554	3.21
556	3.04
558	3.01
560	3.3
562	3.37
564	3.37
566	3.43
568	3.51
570	3.39
572	3.48
574	3.56
576	3.55
578	3.54
580	3.77
582	3.66
584	3.69
586	3.65
588	3.98
590	4.13
592	4.2
594	4.02
596	4.17
598	4.27
600	4.31
602	4.4
604	4.45
606	4.72
608	4.65
610	4.59
612	4.94
614	5.18
616	5.12
618	5.02
620	5.32
622	5.42
624	5.56
626	5.67
628	5.53
630	5.49
632	5.73
634	5.88
636	5.82
638	5.7
640	5.8
642	6.04
644	6.15
646	6.1
648	6.02
650	5.93
652	5.96
654	5.98
656	5.78
658	5.86
660	5.72
662	5.52
664	5.26
666	5.14
668	4.94
670	4.83
672	4.79
674	4.61
676	4.39
678	4.45
680	4.43
682	4.08
684	4.12
686	4.22
688	4.38
690	4.36
692	4.18
694	4.21
696	4.3
698	4.41
700	4.32
702	4.31
704	4.27
706	4.43
708	4.55
710	4.53
712	4.64
714	4.7
716	4.73
718	4.76
720	4.86
722	4.98
724	5.03
726	4.99
728	5.06
730	5.13
732	5.33
734	5.44
736	5.42
738	5.51
740	5.51
742	5.56
744	5.68
746	5.75
748	5.89
750	5.74
752	5.75
754	5.73
756	5.87
758	5.96
760	5.94
762	6
764	5.92
766	6.03
768	5.78
770	5.56
772	5.51
774	5.57
776	5.51
778	5.4
780	5.35
782	4.91
784	4.92
786	5.01
788	4.7
790	4.85
792	4.75
794	4.63
796	4.35
798	4.3
800	4.13
802	4.28
804	4.38
806	4.29
808	4.55
810	4.39
812	4.17
814	4.24
816	4.4
818	4.55
820	4.45
822	4.49
824	4.56
826	4.42
828	4.31
830	4.44
832	4.44
834	4.32
836	4.54
838	4.66
840	4.85
842	4.89
844	4.75
846	4.87
848	4.73
850	4.68
852	4.51
854	4.55
856	4.69
858	4.94
860	4.92
862	5.14
864	5.07
866	5.11
868	5.14
870	5.2
872	5.18
874	5.22
876	5.64
878	5.33
880	5.41
882	5.27
884	5.46
886	5.66
888	5.58
890	5.38
892	5.48
894	5.82
896	6.15
898	5.94
900	5.81
902	5.69
904	5.59
906	5.94
908	5.78
910	5.99
912	6.31
914	6.26
916	5.84
918	5.99
920	6.19
922	5.88
924	5.59
926	5.52
928	5.53
930	5.43
932	5.46
934	5.65
936	5.44
938	5.36
940	5.45
942	5.46
944	5.43
946	5.52
948	5.37
950	5.44
952	5.34
954	5
956	5.01
958	5.24
960	5.51
962	5.42
964	5.55
966	5.36
968	5.17
970	5.18
972	5.45
974	5.42
976	5.33
978	5.51
980	5.39
982	5.32
984	5.27
986	5.32
988	5.36
990	5.4
992	5.41
994	5.6
996	5.59
998	5.68
1000	5.67
1002	5.67
1004	5.7
1006	5.79
1008	5.87
1010	5.86
1012	5.91
1014	5.98
1016	5.99
1018	6.03
1020	6.04
1022	6.09
1024	6.14
1026	6.1
1028	6.12
1030	6.17
1032	6.22
1034	6.27
1036	6.29
1038	6.32
1040	6.41
1042	6.42
1044	6.35
1046	6.39
1048	6.49
1050	6.49
1052	6.48
1054	6.54
1056	6.48
1058	6.5
1060	6.61
1062	6.61
1064	6.56
1066	6.55
1068	6.77
1070	6.75
1072	6.8
1074	7.01
1076	6.92
1078	6.87
1080	6.73
1082	6.84
1084	6.88
1086	6.92
1088	7.1
1090	7.03
1092	7.01
1094	6.95
1096	6.85
1098	7.21
1100	7.25
1102	6.98
1104	7.09
1106	7.28
1108	7.41
1110	7.18
1112	7.23
1114	7.14
1116	7.18
1118	7.52
1120	7.61
1122	7.46
1124	7.45
1126	7.69
1128	7.67
1130	7.54
1132	7.55
1134	7.62
1136	7.64
1138	7.87
1140	7.69
1142	7.74
1144	7.83
1146	7.69
1148	7.71
1150	7.76
1152	7.73
1154	7.63
1156	7.61
1158	7.69
1160	7.22
1162	7.27
1164	7.55
1166	6.85
1168	6.96
1170	7.21
1172	6.99
1174	6.84
1176	7.23
1178	7.31
1180	7.1
1182	6.96
1184	7.18
1186	7.22
1188	6.99
1190	7.19
1192	6.82
1194	6.99
1196	6.73
1198	6.82
1200	6.79
1202	6.93
1204	6.7
1206	6.95
1208	7.27
1210	7.13
1212	6.46
1214	6.11
1216	5.82
1218	6.01
1220	6.3
1222	6.53
1224	6.93
1226	7
1228	6.84
1230	6.66
1232	6.52
1234	6.51
1236	6.73
1238	7.02
1240	6.95
1242	6.86
1244	7.02
1246	6.78
1248	6.93
1250	6.92
1252	6.82
1254	6.72
1256	6.67
1258	6.83
1260	6.74
1262	6.77
1264	6.95
1266	7.05
1268	6.76
1270	6.94
1272	7.12
1274	6.99
1276	6.81
1278	7.12
1280	7.34
1282	7.06
1284	6.98
1286	7.19
1288	7.06
1290	7.22
1292	7.05
1294	6.97
1296	7.29
1298	7.37
1300	7.46
1302	7.4
1304	7.29
1306	7.33
1308	7.34
1310	7.59
1312	7.52
1314	7.39
1316	7.47
1318	7.5
1320	7.49
1322	7.83
1324	7.47
1326	7.42
1328	7.47
1330	7.45
1332	7.53
1334	7.57
1336	7.64
1338	7.67
1340	7.74
1342	7.7
1344	7.74
1346	7.88
1348	7.83
1350	7.86
1352	7.78
1354	7.7
1356	7.77
1358	7.82
1360	7.8
1362	7.84
1364	7.88
1366	7.83
1368	7.78
1370	7.82
1372	7.82
1374	7.76
1376	7.81
1378	7.81
1380	7.7
1382	7.77
1384	7.78
1386	7.7
1388	7.63
1390	7.63
1392	7.59
1394	7.74
1396	7.74
1398	7.64
1400	7.41
1402	7.42
1404	7.49
1406	7.63
1408	7.51
1410	7.62
1412	7.52
1414	7.31
1416	7.43
1418	7.74
1420	7.86
1422	7.71
1424	7.77
1426	8.01
1428	7.71
1430	7.5
1432	7.36
1434	7.46
1436	7.53
1438	7.67
1440	7.81
1442	7.82
1444	7.83
1446	7.74
1448	7.98
1450	7.91
1452	7.96
1454	8.04
1456	8
1458	7.82
1460	7.79
1462	7.82
1464	8
1466	8.18
1468	7.93
1470	7.95
1472	7.82
1474	8.43
1476	8.08
1478	7.88
1480	8.01
1482	7.86
1484	8.35
1486	8.38
1488	8.52
1490	8.19
1492	8.11
1494	7.84
1496	8.27
1498	8.78
1500	8.29
1502	7.86
1504	8.3
1506	7.97
1508	7.74
1510	7.39
1512	7.61
1514	8.1
1516	8.09
1518	7.95
1520	8.09
1522	8.26
1524	8.39
1526	8.42
1528	7.99
1530	8.22
1532	8.44
1534	7.9
1536	7.88
1538	8.34
1540	7.77
1542	8.07
1544	8.37
1546	8.83
1548	8.53
1550	8.1
1552	8.01
1554	7.98
1556	8.08
1558	8.38
1560	7.91
1562	7.89
1564	8.21
1566	8.52
1568	8.21
1570	8.18
1572	8.23
1574	8.08
1576	7.88
1578	8.37
1580	9.14
1582	8.97
1584	8.36
1586	8.33
1588	8.75
1590	8.83
1592	8.69
1594	9.12
1596	8.88
1598	9.19
1600	9.7
];